기준일자,소비인구(명)
20230501,194740.51
20230502,246374.2
20230503,248278.55
20230504,250238.92
20230505,256520.1
20230506,284621.37
20230507,268450.33
20230508,217640.81
20230509,251751.2
20230510,238612.74
20230511,272435.08
20230512,267090.08
20230513,302392.7
20230514,305529.29
20230515,203550.17
20230516,249926.86
20230517,256280.05
20230518,269954.62
20230519,259064.58
20230520,290110.4
20230521,280036.51
20230522,225066.2
20230523,253207.48
20230524,259320.62
20230525,266481.97
20230526,253455.52
20230527,291814.72
20230528,283677.19
20230529,217880.85
20230530,255775.96
20230531,281204.73
20230601,271858.97
20230602,269346.5
20230603,290918.55
20230604,284093.27
20230605,218448.96
20230606,258536.48
20230607,268290.3
20230608,275043.57
20230609,276899.92
20230610,311106.33
20230611,302032.63
20230612,222593.74
20230613,259544.67
20230614,284453.34
20230615,278316.18
20230616,262169.16
20230617,273083.2
20230618,296687.63
20230619,187411.14
20230620,252039.26
20230621,258632.49
20230622,257680.32
20230623,266137.9
20230624,294319.19
20230625,289678.32
20230626,231395.39
20230627,255103.83
20230628,266289.93
20230629,294135.15
20230630,251855.22
20230701,251519.16
20230702,255183.85
20230703,212807.9
20230704,265145.72
20230705,244493.84
20230706,259896.73
20230707,281780.83
20230708,345368.76
20230709,263673.44
20230710,233747.83
20230711,249670.81
20230712,264145.53
20230713,286237.67
20230714,282532.98
20230715,289486.28
20230716,306401.45
20230717,243437.64
20230718,232219.54
20230719,270842.78
20230720,285885.6
20230721,285509.53
20230722,301096.46
20230723,296703.63
20230724,231067.33
20230725,262073.14
20230726,257184.22
20230727,282813.03
20230728,271386.89
20230729,298095.89
20230730,287765.96
20230731,236668.38
20230801,253150.43
20230802,185032.07
20230803,226030.55
20230804,255880.52
20230805,249130.05
20230806,268043.95
20230807,294762.59
20230808,265117.17
20230809,191688.13
20230810,242466.13
20230811,266682.84
20230812,277477.3
20230813,275211.41
20230814,291812.21
20230815,242922.45
20230816,221451.56
20230817,230121.74
20230818,255518.61
20230819,262355.62
20230820,259987.45
20230821,268681.23
20230822,230766.89
20230823,211522.55
20230824,245211.95
20230825,249617.85
20230826,250774.4
20230827,230766.89
20230828,263598.71
20230829,227635.55
20230830,197360.72
20230831,255738.9
20230901,247359.82
20230902,214354.91
20230903,250129.25
20230904,282929.6
20230905,264889.01
20230906,192144.45
20230907,191884.82
20230908,254314.85
20230909,237249.86
20230910,248595.05
20230911,255675.96
20230912,254078.82
20230913,219799.34
20230914,245589.59
20230915,255495.0
20230916,255738.9
20230917,263346.95
20230918,288578.59
20230919,283999.6
20230920,217100.73
20230921,250192.19
20230922,258350.97
20230923,259397.37
20230924,260553.92
20230925,284786.37
20230926,282001.21
20230927,222403.55
20230928,258311.63
20230929,290128.52
20230930,218233.68
20231001,119769.67
20231002,157503.06
20231003,203883.03
20231004,190177.53
20231005,245943.64
20231006,258052.0
20231007,258838.77
20231008,281057.09
20231009,256470.59
20231010,276470.23
20231011,223552.23
20231012,249326.74
20231013,258925.31
20231014,262630.99
20231015,267430.27
20231016,287618.74
20231017,289601.39
20231018,220798.54
20231019,246329.16
20231020,260490.98
20231021,263205.33
20231022,258681.41
20231023,286352.04
20231024,283488.2
20231025,224425.54
20231026,247839.75
20231027,260317.89
20231028,264401.22
20231029,265825.26
20231030,288767.42
20231031,298436.79
